      REAL*8 pi, e2, amu, hbarc, hbar, mprot, euler
      PARAMETER(pi=3.14159265358979D0) ! pi
      PARAMETER(e2=1.4399645D0) ! e^2 in MeV.fm
      PARAMETER(amu=931.4940954D0) ! Atomic mass unit in MeV/c^2
      PARAMETER(hbarc=197.3269788D0) ! hbar.c in MeV.fm
      PARAMETER(hbar=6.582119514D-10) ! hbar in MeV.ps
      PARAMETER(mprot=938.2720813D0) ! Proton mass in MeV/c^2
      PARAMETER(euler=0.5772156649015329D0) ! Euler Gamma
